0 0 0 0 0 0 0 0 0 0 0 0 0 0 0 0 0 0 0 0 0 0 0 0 0 0 0 0 0 0 0 0 0 0 0 0 0 0 0 0 0 0 0 0 0 0 0 0 0 0 0 0 0 0 0 0 0 0 0 0 0 0 0 0 0 0 0 0 0 0 0 0 0 0 0 0 0 0 0 0 0 0 0 0 0 0 0 0 0 0 0 0 0 0 0 0 0 0 0 0 
0 656700 1313400 1970100 2626800 3283500 3940200 4596900 5253600 5910300 6567000 7223700 7880400 8537100 9193800 9850500 10507200 11163900 11820600 12477300 13134000 13790700 14447400 15104100 15760800 16417500 17074200 17730900 18387600 19044300 19701000 20357700 21014400 21671100 22327800 22984500 23641200 24297900 24954600 25611300 26268000 26924700 27581400 28238100 28894800 29551500 30208200 30864900 31521600 32178300 32835000 33491700 34148400 34805100 35461800 36118500 36775200 37431900 38088600 38745300 39402000 40058700 40715400 41372100 42028800 42685500 43342200 43998900 44655600 45312300 45969000 46625700 47282400 47939100 48595800 49252500 49909200 50565900 51222600 51879300 52536000 53192700 53849400 54506100 55162800 55819500 56476200 57132900 57789600 58446300 59103000 59759700 60416400 61073100 61729800 62386500 63043200 63699900 64356600 65013300 
0 1313400 2626800 3940200 5253600 6567000 7880400 9193800 10507200 11820600 13134000 14447400 15760800 17074200 18387600 19701000 21014400 22327800 23641200 24954600 26268000 27581400 28894800 30208200 31521600 32835000 34148400 35461800 36775200 38088600 39402000 40715400 42028800 43342200 44655600 45969000 47282400 48595800 49909200 51222600 52536000 53849400 55162800 56476200 57789600 59103000 60416400 61729800 63043200 64356600 65670000 66983400 68296800 69610200 70923600 72237000 73550400 74863800 76177200 77490600 78804000 80117400 81430800 82744200 84057600 85371000 86684400 87997800 89311200 90624600 91938000 93251400 94564800 95878200 97191600 98505000 99818400 101131800 102445200 103758600 105072000 106385400 107698800 109012200 110325600 111639000 112952400 114265800 115579200 116892600 118206000 119519400 120832800 122146200 123459600 124773000 126086400 127399800 128713200 130026600 
0 1970100 3940200 5910300 7880400 9850500 11820600 13790700 15760800 17730900 19701000 21671100 23641200 25611300 27581400 29551500 31521600 33491700 35461800 37431900 39402000 41372100 43342200 45312300 47282400 49252500 51222600 53192700 55162800 57132900 59103000 61073100 63043200 65013300 66983400 68953500 70923600 72893700 74863800 76833900 78804000 80774100 82744200 84714300 86684400 88654500 90624600 92594700 94564800 96534900 98505000 100475100 102445200 104415300 106385400 108355500 110325600 112295700 114265800 116235900 118206000 120176100 122146200 124116300 126086400 128056500 130026600 131996700 133966800 135936900 137907000 139877100 141847200 143817300 145787400 147757500 149727600 151697700 153667800 155637900 157608000 159578100 161548200 163518300 165488400 167458500 169428600 171398700 173368800 175338900 177309000 179279100 181249200 183219300 185189400 187159500 189129600 191099700 193069800 195039900 
0 2626800 5253600 7880400 10507200 13134000 15760800 18387600 21014400 23641200 26268000 28894800 31521600 34148400 36775200 39402000 42028800 44655600 47282400 49909200 52536000 55162800 57789600 60416400 63043200 65670000 68296800 70923600 73550400 76177200 78804000 81430800 84057600 86684400 89311200 91938000 94564800 97191600 99818400 102445200 105072000 107698800 110325600 112952400 115579200 118206000 120832800 123459600 126086400 128713200 131340000 133966800 136593600 139220400 141847200 144474000 147100800 149727600 152354400 154981200 157608000 160234800 162861600 165488400 168115200 170742000 173368800 175995600 178622400 181249200 183876000 186502800 189129600 191756400 194383200 197010000 199636800 202263600 204890400 207517200 210144000 212770800 215397600 218024400 220651200 223278000 225904800 228531600 231158400 233785200 236412000 239038800 241665600 244292400 246919200 249546000 252172800 254799600 257426400 260053200 
0 3283500 6567000 9850500 13134000 16417500 19701000 22984500 26268000 29551500 32835000 36118500 39402000 42685500 45969000 49252500 52536000 55819500 59103000 62386500 65670000 68953500 72237000 75520500 78804000 82087500 85371000 88654500 91938000 95221500 98505000 101788500 105072000 108355500 111639000 114922500 118206000 121489500 124773000 128056500 131340000 134623500 137907000 141190500 144474000 147757500 151041000 154324500 157608000 160891500 164175000 167458500 170742000 174025500 177309000 180592500 183876000 187159500 190443000 193726500 197010000 200293500 203577000 206860500 210144000 213427500 216711000 219994500 223278000 226561500 229845000 233128500 236412000 239695500 242979000 246262500 249546000 252829500 256113000 259396500 262680000 265963500 269247000 272530500 275814000 279097500 282381000 285664500 288948000 292231500 295515000 298798500 302082000 305365500 308649000 311932500 315216000 318499500 321783000 325066500 
0 3940200 7880400 11820600 15760800 19701000 23641200 27581400 31521600 35461800 39402000 43342200 47282400 51222600 55162800 59103000 63043200 66983400 70923600 74863800 78804000 82744200 86684400 90624600 94564800 98505000 102445200 106385400 110325600 114265800 118206000 122146200 126086400 130026600 133966800 137907000 141847200 145787400 149727600 153667800 157608000 161548200 165488400 169428600 173368800 177309000 181249200 185189400 189129600 193069800 197010000 200950200 204890400 208830600 212770800 216711000 220651200 224591400 228531600 232471800 236412000 240352200 244292400 248232600 252172800 256113000 260053200 263993400 267933600 271873800 275814000 279754200 283694400 287634600 291574800 295515000 299455200 303395400 307335600 311275800 315216000 319156200 323096400 327036600 330976800 334917000 338857200 342797400 346737600 350677800 354618000 358558200 362498400 366438600 370378800 374319000 378259200 382199400 386139600 390079800 
0 4596900 9193800 13790700 18387600 22984500 27581400 32178300 36775200 41372100 45969000 50565900 55162800 59759700 64356600 68953500 73550400 78147300 82744200 87341100 91938000 96534900 101131800 105728700 110325600 114922500 119519400 124116300 128713200 133310100 137907000 142503900 147100800 151697700 156294600 160891500 165488400 170085300 174682200 179279100 183876000 188472900 193069800 197666700 202263600 206860500 211457400 216054300 220651200 225248100 229845000 234441900 239038800 243635700 248232600 252829500 257426400 262023300 266620200 271217100 275814000 280410900 285007800 289604700 294201600 298798500 303395400 307992300 312589200 317186100 321783000 326379900 330976800 335573700 340170600 344767500 349364400 353961300 358558200 363155100 367752000 372348900 376945800 381542700 386139600 390736500 395333400 399930300 404527200 409124100 413721000 418317900 422914800 427511700 432108600 436705500 441302400 445899300 450496200 455093100 
0 5253600 10507200 15760800 21014400 26268000 31521600 36775200 42028800 47282400 52536000 57789600 63043200 68296800 73550400 78804000 84057600 89311200 94564800 99818400 105072000 110325600 115579200 120832800 126086400 131340000 136593600 141847200 147100800 152354400 157608000 162861600 168115200 173368800 178622400 183876000 189129600 194383200 199636800 204890400 210144000 215397600 220651200 225904800 231158400 236412000 241665600 246919200 252172800 257426400 262680000 267933600 273187200 278440800 283694400 288948000 294201600 299455200 304708800 309962400 315216000 320469600 325723200 330976800 336230400 341484000 346737600 351991200 357244800 362498400 367752000 373005600 378259200 383512800 388766400 394020000 399273600 404527200 409780800 415034400 420288000 425541600 430795200 436048800 441302400 446556000 451809600 457063200 462316800 467570400 472824000 478077600 483331200 488584800 493838400 499092000 504345600 509599200 514852800 520106400 
0 5910300 11820600 17730900 23641200 29551500 35461800 41372100 47282400 53192700 59103000 65013300 70923600 76833900 82744200 88654500 94564800 100475100 106385400 112295700 118206000 124116300 130026600 135936900 141847200 147757500 153667800 159578100 165488400 171398700 177309000 183219300 189129600 195039900 200950200 206860500 212770800 218681100 224591400 230501700 236412000 242322300 248232600 254142900 260053200 265963500 271873800 277784100 283694400 289604700 295515000 301425300 307335600 313245900 319156200 325066500 330976800 336887100 342797400 348707700 354618000 360528300 366438600 372348900 378259200 384169500 390079800 395990100 401900400 407810700 413721000 419631300 425541600 431451900 437362200 443272500 449182800 455093100 461003400 466913700 472824000 478734300 484644600 490554900 496465200 502375500 508285800 514196100 520106400 526016700 531927000 537837300 543747600 549657900 555568200 561478500 567388800 573299100 579209400 585119700 
0 6567000 13134000 19701000 26268000 32835000 39402000 45969000 52536000 59103000 65670000 72237000 78804000 85371000 91938000 98505000 105072000 111639000 118206000 124773000 131340000 137907000 144474000 151041000 157608000 164175000 170742000 177309000 183876000 190443000 197010000 203577000 210144000 216711000 223278000 229845000 236412000 242979000 249546000 256113000 262680000 269247000 275814000 282381000 288948000 295515000 302082000 308649000 315216000 321783000 328350000 334917000 341484000 348051000 354618000 361185000 367752000 374319000 380886000 387453000 394020000 400587000 407154000 413721000 420288000 426855000 433422000 439989000 446556000 453123000 459690000 466257000 472824000 479391000 485958000 492525000 499092000 505659000 512226000 518793000 525360000 531927000 538494000 545061000 551628000 558195000 564762000 571329000 577896000 584463000 591030000 597597000 604164000 610731000 617298000 623865000 630432000 636999000 643566000 650133000 
0 7223700 14447400 21671100 28894800 36118500 43342200 50565900 57789600 65013300 72237000 79460700 86684400 93908100 101131800 108355500 115579200 122802900 130026600 137250300 144474000 151697700 158921400 166145100 173368800 180592500 187816200 195039900 202263600 209487300 216711000 223934700 231158400 238382100 245605800 252829500 260053200 267276900 274500600 281724300 288948000 296171700 303395400 310619100 317842800 325066500 332290200 339513900 346737600 353961300 361185000 368408700 375632400 382856100 390079800 397303500 404527200 411750900 418974600 426198300 433422000 440645700 447869400 455093100 462316800 469540500 476764200 483987900 491211600 498435300 505659000 512882700 520106400 527330100 534553800 541777500 549001200 556224900 563448600 570672300 577896000 585119700 592343400 599567100 606790800 614014500 621238200 628461900 635685600 642909300 650133000 657356700 664580400 671804100 679027800 686251500 693475200 700698900 707922600 715146300 
0 7880400 15760800 23641200 31521600 39402000 47282400 55162800 63043200 70923600 78804000 86684400 94564800 102445200 110325600 118206000 126086400 133966800 141847200 149727600 157608000 165488400 173368800 181249200 189129600 197010000 204890400 212770800 220651200 228531600 236412000 244292400 252172800 260053200 267933600 275814000 283694400 291574800 299455200 307335600 315216000 323096400 330976800 338857200 346737600 354618000 362498400 370378800 378259200 386139600 394020000 401900400 409780800 417661200 425541600 433422000 441302400 449182800 457063200 464943600 472824000 480704400 488584800 496465200 504345600 512226000 520106400 527986800 535867200 543747600 551628000 559508400 567388800 575269200 583149600 591030000 598910400 606790800 614671200 622551600 630432000 638312400 646192800 654073200 661953600 669834000 677714400 685594800 693475200 701355600 709236000 717116400 724996800 732877200 740757600 748638000 756518400 764398800 772279200 780159600 
0 8537100 17074200 25611300 34148400 42685500 51222600 59759700 68296800 76833900 85371000 93908100 102445200 110982300 119519400 128056500 136593600 145130700 153667800 162204900 170742000 179279100 187816200 196353300 204890400 213427500 221964600 230501700 239038800 247575900 256113000 264650100 273187200 281724300 290261400 298798500 307335600 315872700 324409800 332946900 341484000 350021100 358558200 367095300 375632400 384169500 392706600 401243700 409780800 418317900 426855000 435392100 443929200 452466300 461003400 469540500 478077600 486614700 495151800 503688900 512226000 520763100 529300200 537837300 546374400 554911500 563448600 571985700 580522800 589059900 597597000 606134100 614671200 623208300 631745400 640282500 648819600 657356700 665893800 674430900 682968000 691505100 700042200 708579300 717116400 725653500 734190600 742727700 751264800 759801900 768339000 776876100 785413200 793950300 802487400 811024500 819561600 828098700 836635800 845172900 
0 9193800 18387600 27581400 36775200 45969000 55162800 64356600 73550400 82744200 91938000 101131800 110325600 119519400 128713200 137907000 147100800 156294600 165488400 174682200 183876000 193069800 202263600 211457400 220651200 229845000 239038800 248232600 257426400 266620200 275814000 285007800 294201600 303395400 312589200 321783000 330976800 340170600 349364400 358558200 367752000 376945800 386139600 395333400 404527200 413721000 422914800 432108600 441302400 450496200 459690000 468883800 478077600 487271400 496465200 505659000 514852800 524046600 533240400 542434200 551628000 560821800 570015600 579209400 588403200 597597000 606790800 615984600 625178400 634372200 643566000 652759800 661953600 671147400 680341200 689535000 698728800 707922600 717116400 726310200 735504000 744697800 753891600 763085400 772279200 781473000 790666800 799860600 809054400 818248200 827442000 836635800 845829600 855023400 864217200 873411000 882604800 891798600 900992400 910186200 
0 9850500 19701000 29551500 39402000 49252500 59103000 68953500 78804000 88654500 98505000 108355500 118206000 128056500 137907000 147757500 157608000 167458500 177309000 187159500 197010000 206860500 216711000 226561500 236412000 246262500 256113000 265963500 275814000 285664500 295515000 305365500 315216000 325066500 334917000 344767500 354618000 364468500 374319000 384169500 394020000 403870500 413721000 423571500 433422000 443272500 453123000 462973500 472824000 482674500 492525000 502375500 512226000 522076500 531927000 541777500 551628000 561478500 571329000 581179500 591030000 600880500 610731000 620581500 630432000 640282500 650133000 659983500 669834000 679684500 689535000 699385500 709236000 719086500 728937000 738787500 748638000 758488500 768339000 778189500 788040000 797890500 807741000 817591500 827442000 837292500 847143000 856993500 866844000 876694500 886545000 896395500 906246000 916096500 925947000 935797500 945648000 955498500 965349000 975199500 
0 10507200 21014400 31521600 42028800 52536000 63043200 73550400 84057600 94564800 105072000 115579200 126086400 136593600 147100800 157608000 168115200 178622400 189129600 199636800 210144000 220651200 231158400 241665600 252172800 262680000 273187200 283694400 294201600 304708800 315216000 325723200 336230400 346737600 357244800 367752000 378259200 388766400 399273600 409780800 420288000 430795200 441302400 451809600 462316800 472824000 483331200 493838400 504345600 514852800 525360000 535867200 546374400 556881600 567388800 577896000 588403200 598910400 609417600 619924800 630432000 640939200 651446400 661953600 672460800 682968000 693475200 703982400 714489600 724996800 735504000 746011200 756518400 767025600 777532800 788040000 798547200 809054400 819561600 830068800 840576000 851083200 861590400 872097600 882604800 893112000 903619200 914126400 924633600 935140800 945648000 956155200 966662400 977169600 987676800 998184000 1008691200 1019198400 1029705600 1040212800 
0 11163900 22327800 33491700 44655600 55819500 66983400 78147300 89311200 100475100 111639000 122802900 133966800 145130700 156294600 167458500 178622400 189786300 200950200 212114100 223278000 234441900 245605800 256769700 267933600 279097500 290261400 301425300 312589200 323753100 334917000 346080900 357244800 368408700 379572600 390736500 401900400 413064300 424228200 435392100 446556000 457719900 468883800 480047700 491211600 502375500 513539400 524703300 535867200 547031100 558195000 569358900 580522800 591686700 602850600 614014500 625178400 636342300 647506200 658670100 669834000 680997900 692161800 703325700 714489600 725653500 736817400 747981300 759145200 770309100 781473000 792636900 803800800 814964700 826128600 837292500 848456400 859620300 870784200 881948100 893112000 904275900 915439800 926603700 937767600 948931500 960095400 971259300 982423200 993587100 1004751000 1015914900 1027078800 1038242700 1049406600 1060570500 1071734400 1082898300 1094062200 1105226100 
0 11820600 23641200 35461800 47282400 59103000 70923600 82744200 94564800 106385400 118206000 130026600 141847200 153667800 165488400 177309000 189129600 200950200 212770800 224591400 236412000 248232600 260053200 271873800 283694400 295515000 307335600 319156200 330976800 342797400 354618000 366438600 378259200 390079800 401900400 413721000 425541600 437362200 449182800 461003400 472824000 484644600 496465200 508285800 520106400 531927000 543747600 555568200 567388800 579209400 591030000 602850600 614671200 626491800 638312400 650133000 661953600 673774200 685594800 697415400 709236000 721056600 732877200 744697800 756518400 768339000 780159600 791980200 803800800 815621400 827442000 839262600 851083200 862903800 874724400 886545000 898365600 910186200 922006800 933827400 945648000 957468600 969289200 981109800 992930400 1004751000 1016571600 1028392200 1040212800 1052033400 1063854000 1075674600 1087495200 1099315800 1111136400 1122957000 1134777600 1146598200 1158418800 1170239400 
0 12477300 24954600 37431900 49909200 62386500 74863800 87341100 99818400 112295700 124773000 137250300 149727600 162204900 174682200 187159500 199636800 212114100 224591400 237068700 249546000 262023300 274500600 286977900 299455200 311932500 324409800 336887100 349364400 361841700 374319000 386796300 399273600 411750900 424228200 436705500 449182800 461660100 474137400 486614700 499092000 511569300 524046600 536523900 549001200 561478500 573955800 586433100 598910400 611387700 623865000 636342300 648819600 661296900 673774200 686251500 698728800 711206100 723683400 736160700 748638000 761115300 773592600 786069900 798547200 811024500 823501800 835979100 848456400 860933700 873411000 885888300 898365600 910842900 923320200 935797500 948274800 960752100 973229400 985706700 998184000 1010661300 1023138600 1035615900 1048093200 1060570500 1073047800 1085525100 1098002400 1110479700 1122957000 1135434300 1147911600 1160388900 1172866200 1185343500 1197820800 1210298100 1222775400 1235252700 
0 13134000 26268000 39402000 52536000 65670000 78804000 91938000 105072000 118206000 131340000 144474000 157608000 170742000 183876000 197010000 210144000 223278000 236412000 249546000 262680000 275814000 288948000 302082000 315216000 328350000 341484000 354618000 367752000 380886000 394020000 407154000 420288000 433422000 446556000 459690000 472824000 485958000 499092000 512226000 525360000 538494000 551628000 564762000 577896000 591030000 604164000 617298000 630432000 643566000 656700000 669834000 682968000 696102000 709236000 722370000 735504000 748638000 761772000 774906000 788040000 801174000 814308000 827442000 840576000 853710000 866844000 879978000 893112000 906246000 919380000 932514000 945648000 958782000 971916000 985050000 998184000 1011318000 1024452000 1037586000 1050720000 1063854000 1076988000 1090122000 1103256000 1116390000 1129524000 1142658000 1155792000 1168926000 1182060000 1195194000 1208328000 1221462000 1234596000 1247730000 1260864000 1273998000 1287132000 1300266000 
0 13790700 27581400 41372100 55162800 68953500 82744200 96534900 110325600 124116300 137907000 151697700 165488400 179279100 193069800 206860500 220651200 234441900 248232600 262023300 275814000 289604700 303395400 317186100 330976800 344767500 358558200 372348900 386139600 399930300 413721000 427511700 441302400 455093100 468883800 482674500 496465200 510255900 524046600 537837300 551628000 565418700 579209400 593000100 606790800 620581500 634372200 648162900 661953600 675744300 689535000 703325700 717116400 730907100 744697800 758488500 772279200 786069900 799860600 813651300 827442000 841232700 855023400 868814100 882604800 896395500 910186200 923976900 937767600 951558300 965349000 979139700 992930400 1006721100 1020511800 1034302500 1048093200 1061883900 1075674600 1089465300 1103256000 1117046700 1130837400 1144628100 1158418800 1172209500 1186000200 1199790900 1213581600 1227372300 1241163000 1254953700 1268744400 1282535100 1296325800 1310116500 1323907200 1337697900 1351488600 1365279300 
0 14447400 28894800 43342200 57789600 72237000 86684400 101131800 115579200 130026600 144474000 158921400 173368800 187816200 202263600 216711000 231158400 245605800 260053200 274500600 288948000 303395400 317842800 332290200 346737600 361185000 375632400 390079800 404527200 418974600 433422000 447869400 462316800 476764200 491211600 505659000 520106400 534553800 549001200 563448600 577896000 592343400 606790800 621238200 635685600 650133000 664580400 679027800 693475200 707922600 722370000 736817400 751264800 765712200 780159600 794607000 809054400 823501800 837949200 852396600 866844000 881291400 895738800 910186200 924633600 939081000 953528400 967975800 982423200 996870600 1011318000 1025765400 1040212800 1054660200 1069107600 1083555000 1098002400 1112449800 1126897200 1141344600 1155792000 1170239400 1184686800 1199134200 1213581600 1228029000 1242476400 1256923800 1271371200 1285818600 1300266000 1314713400 1329160800 1343608200 1358055600 1372503000 1386950400 1401397800 1415845200 1430292600 
0 15104100 30208200 45312300 60416400 75520500 90624600 105728700 120832800 135936900 151041000 166145100 181249200 196353300 211457400 226561500 241665600 256769700 271873800 286977900 302082000 317186100 332290200 347394300 362498400 377602500 392706600 407810700 422914800 438018900 453123000 468227100 483331200 498435300 513539400 528643500 543747600 558851700 573955800 589059900 604164000 619268100 634372200 649476300 664580400 679684500 694788600 709892700 724996800 740100900 755205000 770309100 785413200 800517300 815621400 830725500 845829600 860933700 876037800 891141900 906246000 921350100 936454200 951558300 966662400 981766500 996870600 1011974700 1027078800 1042182900 1057287000 1072391100 1087495200 1102599300 1117703400 1132807500 1147911600 1163015700 1178119800 1193223900 1208328000 1223432100 1238536200 1253640300 1268744400 1283848500 1298952600 1314056700 1329160800 1344264900 1359369000 1374473100 1389577200 1404681300 1419785400 1434889500 1449993600 1465097700 1480201800 1495305900 
0 15760800 31521600 47282400 63043200 78804000 94564800 110325600 126086400 141847200 157608000 173368800 189129600 204890400 220651200 236412000 252172800 267933600 283694400 299455200 315216000 330976800 346737600 362498400 378259200 394020000 409780800 425541600 441302400 457063200 472824000 488584800 504345600 520106400 535867200 551628000 567388800 583149600 598910400 614671200 630432000 646192800 661953600 677714400 693475200 709236000 724996800 740757600 756518400 772279200 788040000 803800800 819561600 835322400 851083200 866844000 882604800 898365600 914126400 929887200 945648000 961408800 977169600 992930400 1008691200 1024452000 1040212800 1055973600 1071734400 1087495200 1103256000 1119016800 1134777600 1150538400 1166299200 1182060000 1197820800 1213581600 1229342400 1245103200 1260864000 1276624800 1292385600 1308146400 1323907200 1339668000 1355428800 1371189600 1386950400 1402711200 1418472000 1434232800 1449993600 1465754400 1481515200 1497276000 1513036800 1528797600 1544558400 1560319200 
0 16417500 32835000 49252500 65670000 82087500 98505000 114922500 131340000 147757500 164175000 180592500 197010000 213427500 229845000 246262500 262680000 279097500 295515000 311932500 328350000 344767500 361185000 377602500 394020000 410437500 426855000 443272500 459690000 476107500 492525000 508942500 525360000 541777500 558195000 574612500 591030000 607447500 623865000 640282500 656700000 673117500 689535000 705952500 722370000 738787500 755205000 771622500 788040000 804457500 820875000 837292500 853710000 870127500 886545000 902962500 919380000 935797500 952215000 968632500 985050000 1001467500 1017885000 1034302500 1050720000 1067137500 1083555000 1099972500 1116390000 1132807500 1149225000 1165642500 1182060000 1198477500 1214895000 1231312500 1247730000 1264147500 1280565000 1296982500 1313400000 1329817500 1346235000 1362652500 1379070000 1395487500 1411905000 1428322500 1444740000 1461157500 1477575000 1493992500 1510410000 1526827500 1543245000 1559662500 1576080000 1592497500 1608915000 1625332500 
0 17074200 34148400 51222600 68296800 85371000 102445200 119519400 136593600 153667800 170742000 187816200 204890400 221964600 239038800 256113000 273187200 290261400 307335600 324409800 341484000 358558200 375632400 392706600 409780800 426855000 443929200 461003400 478077600 495151800 512226000 529300200 546374400 563448600 580522800 597597000 614671200 631745400 648819600 665893800 682968000 700042200 717116400 734190600 751264800 768339000 785413200 802487400 819561600 836635800 853710000 870784200 887858400 904932600 922006800 939081000 956155200 973229400 990303600 1007377800 1024452000 1041526200 1058600400 1075674600 1092748800 1109823000 1126897200 1143971400 1161045600 1178119800 1195194000 1212268200 1229342400 1246416600 1263490800 1280565000 1297639200 1314713400 1331787600 1348861800 1365936000 1383010200 1400084400 1417158600 1434232800 1451307000 1468381200 1485455400 1502529600 1519603800 1536678000 1553752200 1570826400 1587900600 1604974800 1622049000 1639123200 1656197400 1673271600 1690345800 
0 17730900 35461800 53192700 70923600 88654500 106385400 124116300 141847200 159578100 177309000 195039900 212770800 230501700 248232600 265963500 283694400 301425300 319156200 336887100 354618000 372348900 390079800 407810700 425541600 443272500 461003400 478734300 496465200 514196100 531927000 549657900 567388800 585119700 602850600 620581500 638312400 656043300 673774200 691505100 709236000 726966900 744697800 762428700 780159600 797890500 815621400 833352300 851083200 868814100 886545000 904275900 922006800 939737700 957468600 975199500 992930400 1010661300 1028392200 1046123100 1063854000 1081584900 1099315800 1117046700 1134777600 1152508500 1170239400 1187970300 1205701200 1223432100 1241163000 1258893900 1276624800 1294355700 1312086600 1329817500 1347548400 1365279300 1383010200 1400741100 1418472000 1436202900 1453933800 1471664700 1489395600 1507126500 1524857400 1542588300 1560319200 1578050100 1595781000 1613511900 1631242800 1648973700 1666704600 1684435500 1702166400 1719897300 1737628200 1755359100 
0 18387600 36775200 55162800 73550400 91938000 110325600 128713200 147100800 165488400 183876000 202263600 220651200 239038800 257426400 275814000 294201600 312589200 330976800 349364400 367752000 386139600 404527200 422914800 441302400 459690000 478077600 496465200 514852800 533240400 551628000 570015600 588403200 606790800 625178400 643566000 661953600 680341200 698728800 717116400 735504000 753891600 772279200 790666800 809054400 827442000 845829600 864217200 882604800 900992400 919380000 937767600 956155200 974542800 992930400 1011318000 1029705600 1048093200 1066480800 1084868400 1103256000 1121643600 1140031200 1158418800 1176806400 1195194000 1213581600 1231969200 1250356800 1268744400 1287132000 1305519600 1323907200 1342294800 1360682400 1379070000 1397457600 1415845200 1434232800 1452620400 1471008000 1489395600 1507783200 1526170800 1544558400 1562946000 1581333600 1599721200 1618108800 1636496400 1654884000 1673271600 1691659200 1710046800 1728434400 1746822000 1765209600 1783597200 1801984800 1820372400 
0 19044300 38088600 57132900 76177200 95221500 114265800 133310100 152354400 171398700 190443000 209487300 228531600 247575900 266620200 285664500 304708800 323753100 342797400 361841700 380886000 399930300 418974600 438018900 457063200 476107500 495151800 514196100 533240400 552284700 571329000 590373300 609417600 628461900 647506200 666550500 685594800 704639100 723683400 742727700 761772000 780816300 799860600 818904900 837949200 856993500 876037800 895082100 914126400 933170700 952215000 971259300 990303600 1009347900 1028392200 1047436500 1066480800 1085525100 1104569400 1123613700 1142658000 1161702300 1180746600 1199790900 1218835200 1237879500 1256923800 1275968100 1295012400 1314056700 1333101000 1352145300 1371189600 1390233900 1409278200 1428322500 1447366800 1466411100 1485455400 1504499700 1523544000 1542588300 1561632600 1580676900 1599721200 1618765500 1637809800 1656854100 1675898400 1694942700 1713987000 1733031300 1752075600 1771119900 1790164200 1809208500 1828252800 1847297100 1866341400 1885385700 
0 19701000 39402000 59103000 78804000 98505000 118206000 137907000 157608000 177309000 197010000 216711000 236412000 256113000 275814000 295515000 315216000 334917000 354618000 374319000 394020000 413721000 433422000 453123000 472824000 492525000 512226000 531927000 551628000 571329000 591030000 610731000 630432000 650133000 669834000 689535000 709236000 728937000 748638000 768339000 788040000 807741000 827442000 847143000 866844000 886545000 906246000 925947000 945648000 965349000 985050000 1004751000 1024452000 1044153000 1063854000 1083555000 1103256000 1122957000 1142658000 1162359000 1182060000 1201761000 1221462000 1241163000 1260864000 1280565000 1300266000 1319967000 1339668000 1359369000 1379070000 1398771000 1418472000 1438173000 1457874000 1477575000 1497276000 1516977000 1536678000 1556379000 1576080000 1595781000 1615482000 1635183000 1654884000 1674585000 1694286000 1713987000 1733688000 1753389000 1773090000 1792791000 1812492000 1832193000 1851894000 1871595000 1891296000 1910997000 1930698000 1950399000 
0 20357700 40715400 61073100 81430800 101788500 122146200 142503900 162861600 183219300 203577000 223934700 244292400 264650100 285007800 305365500 325723200 346080900 366438600 386796300 407154000 427511700 447869400 468227100 488584800 508942500 529300200 549657900 570015600 590373300 610731000 631088700 651446400 671804100 692161800 712519500 732877200 753234900 773592600 793950300 814308000 834665700 855023400 875381100 895738800 916096500 936454200 956811900 977169600 997527300 1017885000 1038242700 1058600400 1078958100 1099315800 1119673500 1140031200 1160388900 1180746600 1201104300 1221462000 1241819700 1262177400 1282535100 1302892800 1323250500 1343608200 1363965900 1384323600 1404681300 1425039000 1445396700 1465754400 1486112100 1506469800 1526827500 1547185200 1567542900 1587900600 1608258300 1628616000 1648973700 1669331400 1689689100 1710046800 1730404500 1750762200 1771119900 1791477600 1811835300 1832193000 1852550700 1872908400 1893266100 1913623800 1933981500 1954339200 1974696900 1995054600 2015412300 
0 21014400 42028800 63043200 84057600 105072000 126086400 147100800 168115200 189129600 210144000 231158400 252172800 273187200 294201600 315216000 336230400 357244800 378259200 399273600 420288000 441302400 462316800 483331200 504345600 525360000 546374400 567388800 588403200 609417600 630432000 651446400 672460800 693475200 714489600 735504000 756518400 777532800 798547200 819561600 840576000 861590400 882604800 903619200 924633600 945648000 966662400 987676800 1008691200 1029705600 1050720000 1071734400 1092748800 1113763200 1134777600 1155792000 1176806400 1197820800 1218835200 1239849600 1260864000 1281878400 1302892800 1323907200 1344921600 1365936000 1386950400 1407964800 1428979200 1449993600 1471008000 1492022400 1513036800 1534051200 1555065600 1576080000 1597094400 1618108800 1639123200 1660137600 1681152000 1702166400 1723180800 1744195200 1765209600 1786224000 1807238400 1828252800 1849267200 1870281600 1891296000 1912310400 1933324800 1954339200 1975353600 1996368000 2017382400 2038396800 2059411200 2080425600 
0 21671100 43342200 65013300 86684400 108355500 130026600 151697700 173368800 195039900 216711000 238382100 260053200 281724300 303395400 325066500 346737600 368408700 390079800 411750900 433422000 455093100 476764200 498435300 520106400 541777500 563448600 585119700 606790800 628461900 650133000 671804100 693475200 715146300 736817400 758488500 780159600 801830700 823501800 845172900 866844000 888515100 910186200 931857300 953528400 975199500 996870600 1018541700 1040212800 1061883900 1083555000 1105226100 1126897200 1148568300 1170239400 1191910500 1213581600 1235252700 1256923800 1278594900 1300266000 1321937100 1343608200 1365279300 1386950400 1408621500 1430292600 1451963700 1473634800 1495305900 1516977000 1538648100 1560319200 1581990300 1603661400 1625332500 1647003600 1668674700 1690345800 1712016900 1733688000 1755359100 1777030200 1798701300 1820372400 1842043500 1863714600 1885385700 1907056800 1928727900 1950399000 1972070100 1993741200 2015412300 2037083400 2058754500 2080425600 2102096700 2123767800 2145438900 
0 22327800 44655600 66983400 89311200 111639000 133966800 156294600 178622400 200950200 223278000 245605800 267933600 290261400 312589200 334917000 357244800 379572600 401900400 424228200 446556000 468883800 491211600 513539400 535867200 558195000 580522800 602850600 625178400 647506200 669834000 692161800 714489600 736817400 759145200 781473000 803800800 826128600 848456400 870784200 893112000 915439800 937767600 960095400 982423200 1004751000 1027078800 1049406600 1071734400 1094062200 1116390000 1138717800 1161045600 1183373400 1205701200 1228029000 1250356800 1272684600 1295012400 1317340200 1339668000 1361995800 1384323600 1406651400 1428979200 1451307000 1473634800 1495962600 1518290400 1540618200 1562946000 1585273800 1607601600 1629929400 1652257200 1674585000 1696912800 1719240600 1741568400 1763896200 1786224000 1808551800 1830879600 1853207400 1875535200 1897863000 1920190800 1942518600 1964846400 1987174200 2009502000 2031829800 2054157600 2076485400 2098813200 2121141000 2143468800 -2129170696 -2106842896 -2084515096 
0 22984500 45969000 68953500 91938000 114922500 137907000 160891500 183876000 206860500 229845000 252829500 275814000 298798500 321783000 344767500 367752000 390736500 413721000 436705500 459690000 482674500 505659000 528643500 551628000 574612500 597597000 620581500 643566000 666550500 689535000 712519500 735504000 758488500 781473000 804457500 827442000 850426500 873411000 896395500 919380000 942364500 965349000 988333500 1011318000 1034302500 1057287000 1080271500 1103256000 1126240500 1149225000 1172209500 1195194000 1218178500 1241163000 1264147500 1287132000 1310116500 1333101000 1356085500 1379070000 1402054500 1425039000 1448023500 1471008000 1493992500 1516977000 1539961500 1562946000 1585930500 1608915000 1631899500 1654884000 1677868500 1700853000 1723837500 1746822000 1769806500 1792791000 1815775500 1838760000 1861744500 1884729000 1907713500 1930698000 1953682500 1976667000 1999651500 2022636000 2045620500 2068605000 2091589500 2114574000 2137558500 -2134424296 -2111439796 -2088455296 -2065470796 -2042486296 -2019501796 
0 23641200 47282400 70923600 94564800 118206000 141847200 165488400 189129600 212770800 236412000 260053200 283694400 307335600 330976800 354618000 378259200 401900400 425541600 449182800 472824000 496465200 520106400 543747600 567388800 591030000 614671200 638312400 661953600 685594800 709236000 732877200 756518400 780159600 803800800 827442000 851083200 874724400 898365600 922006800 945648000 969289200 992930400 1016571600 1040212800 1063854000 1087495200 1111136400 1134777600 1158418800 1182060000 1205701200 1229342400 1252983600 1276624800 1300266000 1323907200 1347548400 1371189600 1394830800 1418472000 1442113200 1465754400 1489395600 1513036800 1536678000 1560319200 1583960400 1607601600 1631242800 1654884000 1678525200 1702166400 1725807600 1749448800 1773090000 1796731200 1820372400 1844013600 1867654800 1891296000 1914937200 1938578400 1962219600 1985860800 2009502000 2033143200 2056784400 2080425600 2104066800 2127708000 -2143618096 -2119976896 -2096335696 -2072694496 -2049053296 -2025412096 -2001770896 -1978129696 -1954488496 
0 24297900 48595800 72893700 97191600 121489500 145787400 170085300 194383200 218681100 242979000 267276900 291574800 315872700 340170600 364468500 388766400 413064300 437362200 461660100 485958000 510255900 534553800 558851700 583149600 607447500 631745400 656043300 680341200 704639100 728937000 753234900 777532800 801830700 826128600 850426500 874724400 899022300 923320200 947618100 971916000 996213900 1020511800 1044809700 1069107600 1093405500 1117703400 1142001300 1166299200 1190597100 1214895000 1239192900 1263490800 1287788700 1312086600 1336384500 1360682400 1384980300 1409278200 1433576100 1457874000 1482171900 1506469800 1530767700 1555065600 1579363500 1603661400 1627959300 1652257200 1676555100 1700853000 1725150900 1749448800 1773746700 1798044600 1822342500 1846640400 1870938300 1895236200 1919534100 1943832000 1968129900 1992427800 2016725700 2041023600 2065321500 2089619400 2113917300 2138215200 -2132454196 -2108156296 -2083858396 -2059560496 -2035262596 -2010964696 -1986666796 -1962368896 -1938070996 -1913773096 -1889475196 
0 24954600 49909200 74863800 99818400 124773000 149727600 174682200 199636800 224591400 249546000 274500600 299455200 324409800 349364400 374319000 399273600 424228200 449182800 474137400 499092000 524046600 549001200 573955800 598910400 623865000 648819600 673774200 698728800 723683400 748638000 773592600 798547200 823501800 848456400 873411000 898365600 923320200 948274800 973229400 998184000 1023138600 1048093200 1073047800 1098002400 1122957000 1147911600 1172866200 1197820800 1222775400 1247730000 1272684600 1297639200 1322593800 1347548400 1372503000 1397457600 1422412200 1447366800 1472321400 1497276000 1522230600 1547185200 1572139800 1597094400 1622049000 1647003600 1671958200 1696912800 1721867400 1746822000 1771776600 1796731200 1821685800 1846640400 1871595000 1896549600 1921504200 1946458800 1971413400 1996368000 2021322600 2046277200 2071231800 2096186400 2121141000 2146095600 -2123917096 -2098962496 -2074007896 -2049053296 -2024098696 -1999144096 -1974189496 -1949234896 -1924280296 -1899325696 -1874371096 -1849416496 -1824461896 
0 25611300 51222600 76833900 102445200 128056500 153667800 179279100 204890400 230501700 256113000 281724300 307335600 332946900 358558200 384169500 409780800 435392100 461003400 486614700 512226000 537837300 563448600 589059900 614671200 640282500 665893800 691505100 717116400 742727700 768339000 793950300 819561600 845172900 870784200 896395500 922006800 947618100 973229400 998840700 1024452000 1050063300 1075674600 1101285900 1126897200 1152508500 1178119800 1203731100 1229342400 1254953700 1280565000 1306176300 1331787600 1357398900 1383010200 1408621500 1434232800 1459844100 1485455400 1511066700 1536678000 1562289300 1587900600 1613511900 1639123200 1664734500 1690345800 1715957100 1741568400 1767179700 1792791000 1818402300 1844013600 1869624900 1895236200 1920847500 1946458800 1972070100 1997681400 2023292700 2048904000 2074515300 2100126600 2125737900 -2143618096 -2118006796 -2092395496 -2066784196 -2041172896 -2015561596 -1989950296 -1964338996 -1938727696 -1913116396 -1887505096 -1861893796 -1836282496 -1810671196 -1785059896 -1759448596 
